source name	characteristics[organism]	characteristics[organism part]	characteristics[cell type]	characteristics[disease]	characteristics[biological replicate]	characteristics[spiked compound]	characteristics[spiked compound]	characteristics[spiked compound]	assay name	technology type	comment[proteomics data acquisition method]	comment[label]	comment[instrument]	comment[cleavage agent details]	comment[fraction identifier]	comment[technical replicate]	comment[data file]	factor value[spiked compound]
Condition_A	homo sapiens	not available	not available	not available	1	CT=mixture;SP=Homo sapiens;QY=65%	CT=mixture;SP=Saccharomyces cerevisiae;QY=30%	CT=mixture;SP=Escherichia coli;QY=5%	Condition_A_Sample_Alpha_01	proteomic profiling by mass spectrometry	Data-independent acquisition	label free sample	NT=Q Exactive HF-X;AC=MS:1002877	NT=Trypsin;AC=MS:1001251	1	1	LFQ_Orbitrap_AIF_Condition_A_Sample_Alpha_01.raw	A
Condition_A	homo sapiens	not available	not available	not available	1	CT=mixture;SP=Homo sapiens;QY=65%	CT=mixture;SP=Saccharomyces cerevisiae;QY=30%	CT=mixture;SP=Escherichia coli;QY=5%	Condition_A_Sample_Alpha_02	proteomic profiling by mass spectrometry	Data-independent acquisition	label free sample	NT=Q Exactive HF-X;AC=MS:1002877	NT=Trypsin;AC=MS:1001251	1	2	LFQ_Orbitrap_AIF_Condition_A_Sample_Alpha_02.raw	A
Condition_A	homo sapiens	not available	not available	not available	1	CT=mixture;SP=Homo sapiens;QY=65%	CT=mixture;SP=Saccharomyces cerevisiae;QY=30%	CT=mixture;SP=Escherichia coli;QY=5%	Condition_A_Sample_Alpha_03	proteomic profiling by mass spectrometry	Data-independent acquisition	label free sample	NT=Q Exactive HF-X;AC=MS:1002877	NT=Trypsin;AC=MS:1001251	1	3	LFQ_Orbitrap_AIF_Condition_A_Sample_Alpha_03.raw	A
Condition_B	homo sapiens	not available	not available	not available	1	CT=mixture;SP=Homo sapiens;QY=65%	CT=mixture;SP=Saccharomyces cerevisiae;QY=15%	CT=mixture;SP=Escherichia coli;QY=20%	Condition_B_Sample_Alpha_01	proteomic profiling by mass spectrometry	Data-independent acquisition	label free sample	NT=Q Exactive HF-X;AC=MS:1002877	NT=Trypsin;AC=MS:1001251	1	1	LFQ_Orbitrap_AIF_Condition_B_Sample_Alpha_01.raw	B
Condition_B	homo sapiens	not available	not available	not available	1	CT=mixture;SP=Homo sapiens;QY=65%	CT=mixture;SP=Saccharomyces cerevisiae;QY=15%	CT=mixture;SP=Escherichia coli;QY=20%	Condition_B_Sample_Alpha_02	proteomic profiling by mass spectrometry	Data-independent acquisition	label free sample	NT=Q Exactive HF-X;AC=MS:1002877	NT=Trypsin;AC=MS:1001251	1	2	LFQ_Orbitrap_AIF_Condition_B_Sample_Alpha_02.raw	B
Condition_B	homo sapiens	not available	not available	not available	1	CT=mixture;SP=Homo sapiens;QY=65%	CT=mixture;SP=Saccharomyces cerevisiae;QY=15%	CT=mixture;SP=Escherichia coli;QY=20%	Condition_B_Sample_Alpha_03	proteomic profiling by mass spectrometry	Data-independent acquisition	label free sample	NT=Q Exactive HF-X;AC=MS:1002877	NT=Trypsin;AC=MS:1001251	1	3	LFQ_Orbitrap_AIF_Condition_B_Sample_Alpha_03.raw	B
